Node	Beg	End
104	1	2615
104	4240	6490
104	47123	50132
104	51895	55329
104	56426	58255
104	101378	101802
104	142322	147617
104	237844	238961
104	240950	245038
104	265689	269997
104	270829	272349
104	274253	278252
104	357300	359082
104	593821	594377
104	603293	605021
104	721000	722576
104	853760	856973
104	922048	922482
104	923604	924220
104	1002636	1004951
104	1097922	1099893
104	1118377	1119367
104	1187965	1195501
104	1224775	1227860
104	1236677	1238199
104	1240342	1241827
104	1254749	1260268
104	1261988	1263524
104	1265437	1267621
104	1268874	1270280
104	1271932	1272520
104	1274152	1278451
104	1290637	1297640
104	1300825	1308786
104	1455293	1455383
104	1626837	1629307
104	1640180	1640315
111	137278	138133
111	199862	211498
111	212368	213053
111	279067	280199
111	550764	557437
111	575371	576944
111	578345	587398
111	591552	608749
111	1179617	1180734
111	1183636	1184470
111	1185654	1192291
111	1259800	1260560
111	1263618	1263648
111	1455247	1455254
79	97855	100286
79	998142	998754
79	1001474	1003624
79	1048804	1059662
79	1066656	1066868
79	1082492	1087041
79	1261123	1261137
79	1272526	1272805
79	1458887	1461612
79	1462652	1462881
79	1466193	1466385
79	1626806	1629431
79	1634413	1634662
114	1	393
114	8848	10117
114	47176	56699
114	58021	58726
114	73972	75818
114	184190	184753
114	238476	239117
114	240950	241339
114	256243	258271
114	261666	262026
114	414138	419136
114	578777	587406
114	591567	594637
114	633808	644566
114	717068	717074
114	721794	724647
114	743634	743917
114	745743	745757
114	1001323	1008665
114	1010060	1012885
114	1116554	1121860
114	1184160	1184628
114	1185530	1187000
114	1188546	1192758
114	1267395	1267578
114	1268874	1269472
114	1306029	1307076
114	1308339	1308526
114	1337132	1338616
114	1382990	1387037
114	1639940	1641030
82	148672	148688
82	1275883	1278451
82	1455190	1455322
100	1	393
100	8848	10117
100	17206	18511
100	49976	50123
100	52963	56699
100	58021	58726
100	80726	82594
100	84835	90315
100	91134	93488
100	128875	129712
100	133614	133767
100	138020	138259
100	139984	140227
100	142043	146289
100	163903	172552
100	178054	179038
100	180864	182581
100	240950	241339
100	255910	256189
100	258157	259946
100	265689	267129
100	541255	542151
100	544079	548731
100	589381	590400
100	593821	594377
100	667225	681395
100	687916	688684
100	707703	721145
100	743613	746939
100	929182	938189
100	989735	990858
100	992978	994832
100	997278	1000702
100	1001698	1005526
100	1009260	1010321
100	1118377	1127953
100	1128867	1132781
100	1154822	1154980
100	1159206	1164518
100	1166845	1172045
100	1188246	1191116
100	1203101	1204995
100	1208256	1215839
100	1217439	1220461
100	1222690	1228307
100	1229465	1229525
100	1236803	1246627
100	1267395	1267605
100	1268658	1269469
100	1270522	1270924
100	1275150	1287667
100	1294294	1309388
100	1310590	1311729
100	1312869	1313822
100	1314769	1318954
100	1344285	1347362
100	1382608	1387088
100	1455246	1455388
100	1491170	1491425
100	1495616	1496711
100	1519735	1528158
100	1554025	1554890
100	1639940	1641030
57	97105	97972
57	104845	105304
57	145336	146577
57	148672	148971
57	209781	211858
57	215074	215166
57	229152	229319
57	256228	258166
57	260152	261051
57	262026	262137
57	265258	265381
57	268144	273264
57	274259	274302
57	617801	617881
57	618917	620167
57	643956	644011
57	765915	766183
57	982288	982778
57	983942	984736
57	1099575	1100624
57	1111260	1118512
57	1124651	1124730
57	1150764	1150782
57	1187480	1189840
57	1291865	1293115
57	1301410	1302836
57	1304594	1305414
57	1306410	1308786
57	1422764	1429743
57	1450273	1479243
57	1491681	1492598
112	1142163	1146271
112	1147239	1148985
112	1275625	1280284
112	1455240	1455315
81	6172	9346
81	10459	12292
81	17239	22556
81	24844	27068
81	28468	38764
81	46960	55592
81	58021	58435
81	60309	61702
81	64697	70103
81	73537	76040
81	79290	86982
81	88052	98799
81	106074	108352
81	130952	138976
81	142662	146584
81	159427	160136
81	170320	172429
81	181537	196669
81	201292	201858
81	204504	208477
81	211125	212656
81	213977	215882
81	237817	239873
81	240662	241996
81	264835	270576
81	274374	278252
81	281287	282454
81	283753	288597
81	305619	317628
81	320356	323440
81	327343	336648
81	339157	347112
81	348103	356804
81	357659	357776
81	359029	359932
81	417539	423402
81	424517	428681
81	440254	445208
81	476663	477928
81	507384	508498
81	524575	527407
81	531171	541586
81	560613	561797
81	564653	566389
81	568787	569697
81	579016	580987
81	583992	585764
81	591546	595976
81	598987	606097
81	608733	610967
81	612296	612653
81	622250	625136
81	677513	679164
81	695959	696026
81	720250	724302
81	725467	731782
81	779055	781423
81	791485	803418
81	804719	807503
81	812038	822374
81	824665	826346
81	829969	844227
81	882674	904782
81	927545	937374
81	945453	945922
81	964869	966239
81	994277	1005876
81	1051416	1058834
81	1060322	1067735
81	1083773	1088055
81	1089524	1093349
81	1098033	1099629
81	1100836	1105865
81	1107926	1108610
81	1159530	1180734
81	1183245	1195736
81	1199725	1200711
81	1219468	1221738
81	1227124	1228252
81	1231656	1234529
81	1236086	1236128
81	1240646	1246734
81	1259766	1263571
81	1265349	1267533
81	1268505	1269400
81	1270729	1278599
81	1281727	1284178
81	1292801	1297099
81	1300876	1302511
81	1307953	1309094
81	1313454	1313601
81	1316849	1319293
81	1326993	1330342
81	1417089	1423028
81	1426138	1427292
81	1434122	1439349
81	1463272	1473592
81	1478326	1478680
81	1491170	1491425
81	1495114	1500534
81	1504323	1505619
81	1506685	1514497
81	1517505	1520317
81	1523437	1524769
81	1525958	1526424
81	1592501	1596189
81	1602745	1620152
81	1628692	1629599
81	1638398	1638977
81	1639922	1641481
52	573803	576954
52	578462	578557
52	838903	857671
52	859633	870500
52	873513	877126
52	1455293	1455321
39	95245	96409
39	97451	103837
39	128239	132686
39	239078	239438
39	996747	998940
39	1002578	1021806
39	1081640	1087275
39	1109765	1122567
39	1260091	1260471
39	1266297	1266311
39	1267617	1267621
39	1270464	1271241
39	1272184	1273296
39	1458683	1467129
39	1496711	1502461
39	1638061	1640522
45	144475	146577
45	148672	149483
45	268618	270576
45	274245	285453
45	310010	318684
45	321917	323413
45	366428	366448
45	478795	480308
45	603786	605374
45	606598	606915
45	683494	684312
45	948154	949781
45	986597	987046
45	988189	988501
45	998979	1002280
45	1186592	1194339
45	1304918	1312986
45	1395149	1395807
45	1398196	1399427
45	1400298	1402630
45	1406987	1408461
45	1457396	1459049
45	1614594	1622991
45	1639963	1640949
56	171811	172462
56	177995	182218
56	986572	986578
56	1236205	1236214
56	1244772	1246588
56	1248908	1250365
56	1254387	1263542
56	1265495	1267506
56	1268487	1269340
56	1270726	1278532
56	1455228	1455243
92	1	414
92	1680	3109
92	25131	31525
92	33286	34137
92	47470	50018
92	52123	55244
92	58171	59228
92	68109	68704
92	80459	82186
92	239656	239816
92	466824	467631
92	496565	502532
92	519097	520452
92	708331	710856
92	749736	754572
92	991986	996206
92	997167	1001445
92	1186512	1192557
92	1193469	1196816
92	1200103	1200124
92	1341600	1348091
92	1382537	1389416
92	1391871	1392401
92	1419110	1424012
92	1511855	1514459
92	1638131	1638806
92	1639929	1640492
102	238958	239057
102	282813	283456
102	683554	688500
102	923728	925908
102	987247	988252
102	998331	1002197
102	1125764	1127953
102	1128867	1131263
102	1306029	1307076
102	1308339	1308526
102	1456020	1456707
102	1457777	1458473
102	1580821	1586774
102	1639961	1640198
84	239057	239099
84	598902	599236
84	807503	808958
84	1179055	1192294
84	1455245	1455248
90	56978	61585
90	742346	743917
90	847075	848287
90	849404	851340
90	896334	897514
90	986583	986594
90	1114244	1115870
90	1241732	1246594
90	1248845	1249771
90	1255143	1256751
90	1257997	1263536
90	1266101	1266434
90	1270795	1280360
90	1455223	1455386
90	1536782	1537347
90	1634341	1634662
90	1638061	1641078
91	8428	12467
91	14518	17239
91	211320	213573
91	1271840	1271854
181	6427	6909
181	29386	30292
181	49976	50123
181	53885	54941
181	55742	56001
181	58075	58372
181	62644	63364
181	142660	146577
181	148726	150360
181	198099	198504
181	199625	202016
181	204546	205133
181	206150	207187
181	210449	212831
181	215343	217835
181	241441	241965
181	262023	267971
181	269060	270505
181	274209	274761
181	278285	283693
181	287108	289689
181	290504	291738
181	294167	300446
181	463382	465055
181	466693	468440
181	507357	509171
181	514918	516095
181	593772	594377
181	598237	601186
181	602712	610764
181	616541	621743
181	640705	642678
181	824069	825379
181	872230	878061
181	878887	880526
181	961171	963462
181	979419	981915
181	1002611	1005087
181	1094093	1101170
181	1102254	1102764
181	1106081	1108100
181	1188246	1191116
181	1224676	1225056
181	1227160	1228099
181	1231439	1235351
181	1236662	1244514
181	1246042	1246643
181	1249004	1250568
181	1254618	1258656
181	1260037	1261404
181	1262319	1263137
181	1265495	1269364
181	1270969	1271184
181	1272387	1272526
181	1275120	1280835
181	1282171	1283871
181	1301395	1305414
181	1311056	1313819
181	1314706	1316639
181	1468706	1469885
181	1471021	1471879
181	1495372	1496485
181	1525994	1526517
181	1626837	1629268
181	1630936	1631719
181	1638040	1641481
4	744979	745001
4	1001771	1002055
4	1005196	1015265
4	1273669	1273683
70	18837	30032
70	32542	32970
70	167864	168151
70	239681	239735
70	585443	587406
70	591921	594279
70	649602	649611
70	840423	841553
70	873635	878061
70	878886	880441
70	882581	887429
70	888632	892101
70	1168254	1169606
70	1170582	1170605
70	1246042	1246643
70	1249445	1250568
70	1254143	1256735
70	1258061	1262171
70	1267218	1267233
70	1269355	1269367
70	1270969	1278553
70	1444364	1447121
70	1449005	1456767
54	58372	58948
54	65378	66528
54	76815	77950
54	83708	83903
54	266384	268445
54	399387	399749
54	491602	493462
54	495595	497277
54	498233	499414
54	680277	681395
54	687916	688684
54	708331	712226
54	745848	751442
54	983813	990858
54	992956	993596
54	1162962	1162971
54	1425239	1427403
54	1455227	1455319
54	1456679	1456686
54	1457625	1458798
54	1466331	1474528
NODE_24	1	1788
NODE_24	2869	4075
NODE_24	49976	50123
NODE_24	53819	54941
NODE_24	56198	56360
NODE_24	58075	58171
NODE_24	79287	90315
NODE_24	142338	146571
NODE_24	207229	207247
NODE_24	217157	217503
NODE_24	236346	238815
NODE_24	240788	245780
NODE_24	249578	250715
NODE_24	263868	267318
NODE_24	269316	270506
NODE_24	274197	275066
NODE_24	276268	285609
NODE_24	331101	336086
NODE_24	337528	338551
NODE_24	340443	341891
NODE_24	383983	385755
NODE_24	389101	393667
NODE_24	492469	500886
NODE_24	578434	587481
NODE_24	591817	595141
NODE_24	601894	606097
NODE_24	639241	642678
NODE_24	675992	681395
NODE_24	687916	688567
NODE_24	805746	810550
NODE_24	838513	840353
NODE_24	924335	930457
NODE_24	980884	982931
NODE_24	983813	1008632
NODE_24	1010225	1023213
NODE_24	1025429	1025784
NODE_24	1026737	1028962
NODE_24	1031378	1033898
NODE_24	1037303	1039044
NODE_24	1080165	1080808
NODE_24	1085985	1104156
NODE_24	1164389	1167251
NODE_24	1182916	1191116
NODE_24	1220936	1221257
NODE_24	1222645	1227838
NODE_24	1229491	1235493
NODE_24	1240882	1242657
NODE_24	1243664	1246588
NODE_24	1248908	1249932
NODE_24	1254387	1258624
NODE_24	1259700	1263531
NODE_24	1265262	1272526
NODE_24	1274340	1275687
NODE_24	1445158	1448117
NODE_24	1455230	1467390
NODE_24	1498820	1514459
NODE_24	1517505	1521250
NODE_24	1522669	1532734
NODE_24	1555756	1557853
NODE_24	1598450	1600386
NODE_24	1614594	1615886
NODE_24	1640949	1641481
NODE_25	1	8671
NODE_25	10210	12467
NODE_25	14407	15141
NODE_25	20110	31217
NODE_25	32440	34654
NODE_25	58372	58948
NODE_25	73972	75818
NODE_25	252422	254495
NODE_25	257888	258271
NODE_25	259259	259811
NODE_25	261666	262026
NODE_25	491128	502457
NODE_25	504673	507603
NODE_25	531278	533092
NODE_25	573146	576944
NODE_25	578360	578560
NODE_25	580155	581069
NODE_25	785486	791977
NODE_25	868146	871880
NODE_25	980587	986069
NODE_25	987891	998790
NODE_25	1001038	1005307
NODE_25	1268700	1268910
NODE_25	1337132	1338616
NODE_25	1382990	1387037
NODE_25	1455169	1455387
NODE_25	1456539	1466046
NODE_26	1450262	1452985
NODE_26	1454600	1458308
NODE_27	55742	55856
NODE_27	58321	58702
NODE_27	75863	76040
NODE_27	491467	499512
NODE_27	993205	993506
NODE_27	1087116	1088516
NODE_27	1153495	1162368
NODE_27	1163467	1164512
NODE_27	1277339	1281687
NODE_27	1449524	1453196
NODE_27	1454798	1456767
NODE_27	1457700	1458830
NODE_28	1	2280
NODE_28	255910	256189
NODE_28	258157	259946
NODE_28	683494	684312
NODE_28	998724	999174
NODE_28	1001959	1005370
NODE_28	1306032	1308411
NODE_28	1382933	1392155
NODE_28	1632433	1632817
NODE_28	1638061	1641481
NODE_29	1	618
NODE_29	25126	31237
NODE_29	33226	33315
NODE_29	47422	50144
NODE_29	51962	55112
NODE_29	58204	58864
NODE_29	65811	66890
NODE_29	68475	69450
NODE_29	90001	93929
NODE_29	285226	286911
NODE_29	466885	470334
NODE_29	496580	502506
NODE_29	764192	765317
NODE_29	766603	768611
NODE_29	992142	995409
NODE_29	1186520	1193304
NODE_29	1329781	1348233
NODE_29	1382566	1392434
NODE_29	1512289	1514478
NODE_29	1638061	1638770
NODE_29	1639946	1641126
NODE_30	25876	26646
NODE_30	29386	30292
NODE_30	167819	168929
NODE_30	585371	587484
NODE_30	591687	594917
NODE_30	597484	598313
NODE_30	1168143	1169585
NODE_30	1255100	1255694
NODE_30	1257993	1258244
NODE_30	1259629	1260639
NODE_30	1271848	1271968
NODE_30	1273461	1273560
NODE_30	1274946	1275798
NODE_30	1276871	1278532
NODE_31	8848	12467
NODE_31	14421	16617
NODE_31	44878	46162
NODE_31	47044	50122
NODE_31	51887	54884
NODE_31	58138	58948
NODE_31	60628	61376
NODE_31	63625	65351
NODE_31	68475	69450
NODE_31	144382	145907
NODE_31	152280	157759
NODE_31	159160	166958
NODE_31	168125	172552
NODE_31	178054	179038
NODE_31	239099	239777
NODE_31	241339	242131
NODE_31	342546	346752
NODE_31	383728	386789
NODE_31	463382	465055
NODE_31	466693	468440
NODE_31	471413	472259
NODE_31	495902	501090
NODE_31	579043	586759
NODE_31	594742	597290
NODE_31	598670	599271
NODE_31	633808	644566
NODE_31	769130	770177
NODE_31	807503	809171
NODE_31	914833	918138
NODE_31	975993	977662
NODE_31	978818	980533
NODE_31	986285	990582
NODE_31	992142	997812
NODE_31	1031198	1049667
NODE_31	1097922	1099893
NODE_31	1115303	1117637
NODE_31	1153414	1157587
NODE_31	1158580	1162437
NODE_31	1171173	1176064
NODE_31	1185079	1188214
NODE_31	1189531	1192693
NODE_31	1202937	1206603
NODE_31	1216499	1224947
NODE_31	1231511	1241298
NODE_31	1243609	1244316
NODE_31	1246282	1246546
NODE_31	1250778	1253300
NODE_31	1254884	1257763
NODE_31	1260037	1263137
NODE_31	1264860	1270093
NODE_31	1270970	1274930
NODE_31	1342537	1347374
NODE_31	1382543	1389416
NODE_31	1391564	1392155
NODE_31	1394609	1395393
NODE_31	1455164	1455374
NODE_31	1512870	1514478
NODE_31	1621094	1632538
NODE_31	1634413	1634662
NODE_31	1638338	1638954
NODE_31	1640054	1641481
NODE_32	4732	5247
NODE_32	49976	50123
NODE_32	53885	54941
NODE_32	234077	236265
NODE_32	240947	241885
NODE_32	245547	247002
NODE_32	274253	278252
NODE_32	333712	346600
NODE_32	491602	493181
NODE_32	495913	497277
NODE_32	593821	594377
NODE_32	640047	640226
NODE_32	681275	685559
NODE_32	741068	744366
NODE_32	765720	766254
NODE_32	998715	998991
NODE_32	1009260	1010321
NODE_32	1012790	1016448
NODE_32	1186691	1188214
NODE_32	1189531	1191116
NODE_32	1267377	1267599
NODE_32	1268967	1269463
NODE_32	1270711	1270831
NODE_32	1456679	1456686
NODE_32	1457625	1458798
NODE_33	15664	16293
NODE_33	24544	24992
NODE_33	30772	38772
NODE_33	46624	52225
NODE_33	54941	55148
NODE_33	67719	67776
NODE_33	143971	145626
NODE_33	148866	149483
NODE_33	150360	150737
NODE_33	153082	153673
NODE_33	159593	160175
NODE_33	237468	237724
NODE_33	239741	243037
NODE_33	385242	385619
NODE_33	492003	494109
NODE_33	496706	498017
NODE_33	500122	509768
NODE_33	510860	512698
NODE_33	521815	524517
NODE_33	581165	587398
NODE_33	591579	594390
NODE_33	745019	745727
NODE_33	863882	869328
NODE_33	873009	876877
NODE_33	888051	892538
NODE_33	928827	932018
NODE_33	935322	943359
NODE_33	984662	986780
NODE_33	988189	990606
NODE_33	1001771	1002197
NODE_33	1096662	1104045
NODE_33	1163467	1171779
NODE_33	1233238	1234460
NODE_33	1240342	1240834
NODE_33	1243664	1244104
NODE_33	1245886	1246676
NODE_33	1249526	1250698
NODE_33	1254143	1262888
NODE_33	1265450	1274532
NODE_33	1275844	1279882
NODE_33	1342380	1342558
NODE_33	1344859	1345729
NODE_33	1346885	1348263
NODE_33	1379524	1379698
NODE_33	1382256	1383573
NODE_33	1384734	1385326
NODE_33	1386849	1387852
NODE_33	1391870	1392203
NODE_33	1393721	1396035
NODE_33	1440607	1440630
NODE_33	1444945	1445083
NODE_33	1455170	1455385
NODE_33	1546100	1548425
NODE_33	1632580	1632817
NODE_33	1638290	1638977
NODE_33	1639922	1640252
NODE_34	75863	76040
NODE_34	83708	83813
NODE_34	128521	134241
NODE_34	136485	139500
NODE_34	143646	146139
NODE_34	262305	267306
NODE_34	744911	745062
NODE_34	765825	766810
NODE_34	773668	776383
NODE_34	959332	964778
NODE_34	1002629	1002911
NODE_34	1012354	1012851
NODE_34	1163467	1170582
NODE_34	1215689	1220213
NODE_34	1222891	1228368
NODE_34	1229354	1229533
NODE_34	1236817	1238305
NODE_34	1239712	1246643
NODE_34	1267428	1267581
NODE_34	1270510	1270988
NODE_34	1274291	1284583
NODE_34	1334639	1337186
NODE_34	1338372	1347374
NODE_34	1382531	1387082
NODE_34	1524292	1526424
NODE_34	1597095	1597344
NODE_35	1	5222
NODE_35	61286	61576
NODE_35	63625	64799
NODE_35	142338	142842
NODE_35	153082	153673
NODE_35	162758	166558
NODE_35	196636	200018
NODE_35	201319	211822
NODE_35	212951	214021
NODE_35	215134	218522
NODE_35	265083	266502
NODE_35	267938	268346
NODE_35	269663	270506
NODE_35	286284	286991
NODE_35	302006	304264
NODE_35	373633	386859
NODE_35	388540	390013
NODE_35	483917	496164
NODE_35	497261	502786
NODE_35	504037	508831
NODE_35	510860	511538
NODE_35	512658	514391
NODE_35	516236	520395
NODE_35	521726	524421
NODE_35	606208	606321
NODE_35	608997	610072
NODE_35	822612	825850
NODE_35	963466	965525
NODE_35	969602	970429
NODE_35	1008509	1008647
NODE_35	1010060	1010624
NODE_35	1098783	1102640
NODE_35	1189214	1190794
NODE_35	1225097	1227202
NODE_35	1231461	1234306
NODE_35	1240417	1241056
NODE_35	1262349	1263207
NODE_35	1266347	1267518
NODE_35	1269175	1269367
NODE_35	1270970	1271125
NODE_35	1282648	1284817
NODE_35	1297150	1297582
NODE_35	1300870	1303802
NODE_35	1340872	1347281
NODE_35	1382624	1392434
NODE_35	1393721	1396035
NODE_35	1430682	1431779
NODE_35	1467807	1468696
NODE_35	1470925	1471970
NODE_35	1495768	1496508
NODE_35	1628017	1629307
NODE_35	1631699	1632102
NODE_36	1	582
NODE_36	55742	55856
NODE_36	58075	58171
NODE_36	120244	129890
NODE_36	133479	133655
NODE_36	135873	136508
NODE_36	137821	140055
NODE_36	148866	149483
NODE_36	150543	154168
NODE_36	159081	160280
NODE_36	237844	238140
NODE_36	243802	244069
NODE_36	245681	246801
NODE_36	248025	254495
NODE_36	257812	258016
NODE_36	261047	261453
NODE_36	269096	269648
NODE_36	294167	296298
NODE_36	350320	351370
NODE_36	546363	546750
NODE_36	603584	604442
NODE_36	640096	640228
NODE_36	743634	743917
NODE_36	744927	745019
NODE_36	766214	766317
NODE_36	1080165	1080808
NODE_36	1097922	1099893
NODE_36	1155218	1159824
NODE_36	1166698	1169897
NODE_36	1218937	1228069
NODE_36	1236883	1238293
NODE_36	1239835	1245682
NODE_36	1246633	1246669
NODE_36	1267374	1267443
NODE_36	1268659	1269448
NODE_36	1270523	1270967
NODE_36	1275459	1277390
NODE_36	1278661	1284520
NODE_36	1385476	1389416
NODE_36	1559543	1561989
NODE_36	1632580	1632817
NODE_36	1638061	1640078
NODE_37	58321	58702
NODE_37	149045	149354
NODE_37	153082	153673
NODE_37	159009	160175
NODE_37	243076	245015
NODE_37	267414	269797
NODE_37	274491	274842
NODE_37	277670	278013
NODE_37	766161	766312
NODE_37	1002611	1002818
NODE_37	1008509	1008647
NODE_37	1010060	1010513
NODE_37	1274709	1277821
NODE_37	1342537	1344361
NODE_37	1345669	1347350
NODE_37	1382537	1389609
NODE_37	1638332	1640778
NODE_38	41863	42138
NODE_38	55424	58021
NODE_38	68234	69015
NODE_38	142338	143652
NODE_38	208694	218522
NODE_38	238401	238544
NODE_38	265689	267306
NODE_38	269096	269648
NODE_38	466824	467631
NODE_38	492893	493297
NODE_38	495075	497277
NODE_38	499510	501075
NODE_38	603293	604742
NODE_38	684938	687733
NODE_38	766161	766317
NODE_38	837386	839946
NODE_38	842825	843632
NODE_38	986060	995409
NODE_38	1002305	1007768
NODE_38	1011670	1019278
NODE_38	1118377	1119367
NODE_38	1158913	1159953
NODE_38	1168350	1169606
NODE_38	1186793	1192557
NODE_38	1240882	1241812
NODE_38	1260540	1263207
NODE_38	1265798	1267533
NODE_38	1268484	1269397
NODE_38	1271119	1274124
NODE_38	1385862	1385902
NODE_38	1430682	1431779
NODE_38	1455303	1455387
NODE_38	1458811	1467468
NODE_38	1502066	1513770
NODE_38	1517535	1521851
NODE_38	1523794	1529979
NODE_38	1531043	1532181
NODE_39	17239	31462
NODE_39	32440	32970
NODE_39	208802	209977
NODE_39	210931	213889
NODE_39	215074	216518
NODE_39	217961	218841
NODE_39	237817	241135
NODE_39	523771	524369
NODE_39	1256106	1256373
NODE_39	1257640	1257684
NODE_39	1266299	1266344
NODE_39	1271130	1271206
NODE_39	1274244	1274776
NODE_39	1342724	1343873
NODE_39	1346931	1347280
NODE_39	1386642	1387300
NODE_39	1391564	1392155
NODE_39	1394609	1395393
NODE_39	1430741	1431635
NODE_39	1638398	1638975
NODE_39	1639889	1640269
NODE_40	15276	17221
NODE_40	47470	48596
NODE_40	50006	53046
NODE_40	566485	576944
NODE_40	578360	578560
NODE_40	580940	587406
NODE_40	591817	595141
NODE_40	837374	843371
NODE_40	1007600	1011558
NODE_40	1186520	1186613
NODE_40	1191224	1191591
NODE_40	1225109	1227860
NODE_40	1271240	1271317
NODE_40	1388324	1389110
NODE_40	1455231	1455375
NODE_40	1458798	1464672
NODE_40	1466535	1467255
NODE_40	1507080	1513716
NODE_40	1517505	1521226
NODE_40	1639598	1639865
NODE_41	8848	10117
NODE_41	15042	16617
NODE_41	29386	30292
NODE_41	47713	48274
NODE_41	50860	53123
NODE_41	59087	63577
NODE_41	75189	76040
NODE_41	79290	79970
NODE_41	83646	83725
NODE_41	133479	133767
NODE_41	135873	136508
NODE_41	138079	140227
NODE_41	142043	146289
NODE_41	148866	149483
NODE_41	150543	154168
NODE_41	159358	160280
NODE_41	208802	209977
NODE_41	210931	211597
NODE_41	213323	213889
NODE_41	215074	218841
NODE_41	245565	247524
NODE_41	252422	253450
NODE_41	255910	256189
NODE_41	257071	261453
NODE_41	265115	267259
NODE_41	269060	270462
NODE_41	274186	283456
NODE_41	373564	374677
NODE_41	375968	383960
NODE_41	385056	385755
NODE_41	557319	559445
NODE_41	562349	566344
NODE_41	581165	587398
NODE_41	591579	594390
NODE_41	595803	602445
NODE_41	603254	604704
NODE_41	668009	668640
NODE_41	675185	681395
NODE_41	687916	688684
NODE_41	745499	745668
NODE_41	824226	825850
NODE_41	829255	830360
NODE_41	843206	854952
NODE_41	905014	905498
NODE_41	910774	918435
NODE_41	1002785	1004951
NODE_41	1009158	1009424
NODE_41	1082492	1087041
NODE_41	1179617	1180500
NODE_41	1183636	1184470
NODE_41	1185654	1186163
NODE_41	1235612	1235792
NODE_41	1236677	1238199
NODE_41	1240674	1241827
NODE_41	1254917	1263524
NODE_41	1264869	1269403
NODE_41	1270573	1278535
NODE_41	1344718	1347219
NODE_41	1382719	1383780
NODE_41	1385599	1386956
NODE_41	1396987	1397434
NODE_41	1401822	1407677
NODE_41	1430741	1431635
NODE_41	1455178	1455386
NODE_41	1458683	1460081
NODE_41	1495831	1495843
NODE_41	1507122	1514459
NODE_41	1518903	1525869
NODE_41	1597106	1597217
NODE_41	1600529	1602350
NODE_41	1638845	1638954
NODE_42	47176	48516
NODE_42	49962	50132
NODE_42	51959	62107
NODE_42	134265	136547
NODE_42	138020	138235
NODE_42	237848	238821
NODE_42	239672	239777
NODE_42	241378	241885
NODE_42	245547	247887
NODE_42	281248	282936
NODE_42	284714	287796
NODE_42	670164	673898
NODE_42	736856	738183
NODE_42	743826	744797
NODE_42	745688	746816
NODE_42	837386	839946
NODE_42	886395	890200
NODE_42	919387	931625
NODE_42	934472	934959
NODE_42	975993	977662
NODE_42	978818	980533
NODE_42	1002355	1003379
NODE_42	1038454	1048183
NODE_42	1080238	1094579
NODE_42	1095860	1100004
NODE_42	1189214	1190639
NODE_42	1271249	1271296
NODE_42	1273502	1273515
NODE_42	1342537	1347369
NODE_42	1382608	1389553
NODE_42	1391564	1392155
NODE_42	1394609	1395393
NODE_42	1448834	1459659
NODE_42	1461774	1472177
NODE_42	1525994	1526517
NODE_42	1599097	1601145
NODE_42	1639791	1640030
NODE_43	1	414
NODE_43	47123	50123
NODE_43	51886	61981
NODE_43	63502	69438
NODE_43	97033	100275
NODE_43	136737	138394
NODE_43	233906	239867
NODE_43	240947	251782
NODE_43	281158	283454
NODE_43	522831	526361
NODE_43	597607	597818
NODE_43	679967	680714
NODE_43	732025	743760
NODE_43	825971	829166
NODE_43	830423	843104
NODE_43	1000376	1004196
NODE_43	1005119	1005370
NODE_43	1059749	1068574
NODE_43	1097922	1099893
NODE_43	1172429	1180251
NODE_43	1181754	1187000
NODE_43	1188546	1192758
NODE_43	1259698	1260923
NODE_43	1333445	1347374
NODE_43	1382570	1401717
NODE_43	1455296	1455321
NODE_43	1492926	1493168
NODE_43	1525958	1529979
NODE_43	1531106	1533654
NODE_43	1599457	1600267
NODE_43	1602154	1602319
NODE_43	1632580	1632817
NODE_43	1640423	1641030
